,mean_fit_time,std_fit_time,mean_score_time,std_score_time,param_learning_rate,param_max_depth,param_n_estimators,params,split0_test_score,split1_test_score,split2_test_score,split3_test_score,split4_test_score,mean_test_score,std_test_score,rank_test_score
0,15.526733684539796,1.8590496317252172,0.5477282524108886,0.07160089993026116,0.05,2,50,"{'learning_rate': 0.05, 'max_depth': 2, 'n_estimators': 50}",-1.8186643595665692,-1.8156756951078772,-1.8185589302718639,-1.8208140821844339,-1.8180025487482547,-1.8183431231758,0.0016423499859685828,27
1,21.350965452194213,0.2964839002083957,0.8273780345916748,0.02856881707828402,0.05,2,100,"{'learning_rate': 0.05, 'max_depth': 2, 'n_estimators': 100}",-1.774739884480089,-1.770681524223089,-1.774563780040294,-1.7775735152810812,-1.7735620420493186,-1.7742241492147746,0.0022175735720792213,24
2,49.51430349349975,0.9396430612419752,1.7693336486816407,0.031267688779998234,0.05,2,250,"{'learning_rate': 0.05, 'max_depth': 2, 'n_estimators': 250}",-1.7567037667263299,-1.751725170829147,-1.7568015403222292,-1.7606086477875709,-1.7553009155742825,-1.756228008247912,0.002859382226698884,15
3,13.311882877349854,0.17370177975482418,0.6890485763549805,0.04491735827080619,0.05,3,50,"{'learning_rate': 0.05, 'max_depth': 3, 'n_estimators': 50}",-1.807109827464074,-1.8035892431728542,-1.8069565407827497,-1.8094131597146392,-1.8061521161451937,-1.8066441774559021,0.001873841579990601,26
4,25.17238759994507,0.2879123332054253,1.1865524768829345,0.047781584320022476,0.05,3,100,"{'learning_rate': 0.05, 'max_depth': 3, 'n_estimators': 100}",-1.7662590527176858,-1.761385062660277,-1.7659191470310092,-1.7693309192229063,-1.7648685202423484,-1.7655525403748453,0.0025591194147006648,22
5,60.3059947013855,1.9530964986189487,2.7092390060424805,0.1173745240750419,0.05,3,250,"{'learning_rate': 0.05, 'max_depth': 3, 'n_estimators': 250}",-1.7532382287362591,-1.7473195959251373,-1.7531759276393801,-1.7569771490277724,-1.7513612314397469,-1.7524144265536592,0.0031350754184447127,7
6,15.672498273849488,0.20743502564181512,0.8885200500488282,0.03544780559273714,0.05,4,50,"{'learning_rate': 0.05, 'max_depth': 4, 'n_estimators': 50}",-1.8004745454147457,-1.7965486143782734,-1.8002722791686654,-1.8026202564127742,-1.799416846255213,-1.7998665083259344,0.0019661181973485643,25
7,30.27815647125244,0.34106134563092144,1.6334804058074952,0.13205204933077494,0.05,4,100,"{'learning_rate': 0.05, 'max_depth': 4, 'n_estimators': 100}",-1.7620149778526277,-1.7565739230036737,-1.7617882617410272,-1.76488291009292,-1.760234079982713,-1.7610988305345923,0.002715013115284825,20
8,70.76089911460876,1.8794274483469482,3.777132749557495,0.22904381732349108,0.05,4,250,"{'learning_rate': 0.05, 'max_depth': 4, 'n_estimators': 250}",-1.7528108916953207,-1.7463144606072456,-1.752814486214891,-1.7562037861671298,-1.749985626297444,-1.7516258501964064,0.0033068374770225525,2
9,11.140842485427857,0.5798450338543987,0.5712367534637451,0.13403801899306464,0.1,2,50,"{'learning_rate': 0.1, 'max_depth': 2, 'n_estimators': 50}",-1.7743708137966692,-1.770193943541497,-1.774095469646156,-1.7771084628663958,-1.7732417205519975,-1.7738020820805431,0.002221456940355273,23
10,20.915750741958618,0.47523388865928123,0.8946202278137207,0.07116030082732883,0.1,2,100,"{'learning_rate': 0.1, 'max_depth': 2, 'n_estimators': 100}",-1.7593890584252774,-1.754365877892077,-1.7591372407451271,-1.7628885047432035,-1.7579874638915063,-1.7587536291394383,0.0027381561203040617,17
11,49.002192449569705,0.6393628549685965,2.010996437072754,0.13594307839193334,0.1,2,250,"{'learning_rate': 0.1, 'max_depth': 2, 'n_estimators': 250}",-1.7528083091124893,-1.746886973915808,-1.7528092257698997,-1.7565462465032935,-1.7508318256016822,-1.7519765161806344,0.0031458377882645217,5
12,12.514035177230834,0.35199354181424836,0.6926640033721924,0.07434403958401596,0.1,3,50,"{'learning_rate': 0.1, 'max_depth': 3, 'n_estimators': 50}",-1.765919338497892,-1.7610188732724636,-1.7658854079015553,-1.7690547011613846,-1.764638743808493,-1.7653034129283576,0.002591883908091189,21
13,24.5157377243042,0.8115856937468453,1.3135621547698975,0.24979072042957748,0.1,3,100,"{'learning_rate': 0.1, 'max_depth': 3, 'n_estimators': 100}",-1.7545882351638749,-1.7488821890413762,-1.7547684807877988,-1.7582712083660066,-1.7529566570056603,-1.7538933540729436,0.003046423840450918,12
14,57.15433397293091,1.1883244593352653,2.7140994548797606,0.2010795573259508,0.1,3,250,"{'learning_rate': 0.1, 'max_depth': 3, 'n_estimators': 250}",-1.7524914474794642,-1.746111556260474,-1.7524833600947634,-1.7558467963527888,-1.750083950997144,-1.7514034222369268,0.0032198909330612936,1
15,16.138771533966064,0.4208136657356167,0.8873604297637939,0.03645025346833972,0.1,4,50,"{'learning_rate': 0.1, 'max_depth': 4, 'n_estimators': 50}",-1.7616362058442085,-1.7561608995810152,-1.7616314150191843,-1.7647984177291394,-1.7600317666921765,-1.7608517409731448,0.0028098357587543962,19
16,29.144751644134523,0.762957066339638,1.6059845447540284,0.1260247987157021,0.1,4,100,"{'learning_rate': 0.1, 'max_depth': 4, 'n_estimators': 100}",-1.7533567261675373,-1.7471152459356933,-1.7536327964577825,-1.7568257221778856,-1.7510200455375016,-1.7523901072552803,0.0032203893978394777,6
17,66.53666224479676,1.630228921880572,3.8431458473205566,0.191170867706941,0.1,4,250,"{'learning_rate': 0.1, 'max_depth': 4, 'n_estimators': 250}",-1.7538908258470707,-1.7472537945148534,-1.7543940899198875,-1.7574483341457323,-1.751046920043975,-1.7528067928943039,0.003440101391829223,8
18,10.429213905334473,0.35500440304937353,0.5433285713195801,0.04658136896726336,0.2,2,50,"{'learning_rate': 0.2, 'max_depth': 2, 'n_estimators': 50}",-1.759347239927575,-1.7542937851961702,-1.759759761937335,-1.76293528874591,-1.7579154654741287,-1.7588503082562237,0.002807024977061343,18
19,20.36144256591797,0.5719350756346778,0.8883782863616944,0.08543245725471904,0.2,2,100,"{'learning_rate': 0.2, 'max_depth': 2, 'n_estimators': 100}",-1.753749077378586,-1.748080931838043,-1.7541804848082363,-1.7576139522451908,-1.7520527293095365,-1.7531354351159183,0.003106317968668299,11
20,48.236736154556276,0.7194671612947642,1.8065239906311035,0.07936252126721371,0.2,2,250,"{'learning_rate': 0.2, 'max_depth': 2, 'n_estimators': 250}",-1.7528557415053247,-1.746641299157217,-1.7532290512362496,-1.7565289464922622,-1.750346711414866,-1.7519203499611842,0.0032915508205037802,4
21,12.742008447647095,0.35993512747717993,0.6363144874572754,0.030025673360519436,0.2,3,50,"{'learning_rate': 0.2, 'max_depth': 3, 'n_estimators': 50}",-1.7548656875375659,-1.749460877175443,-1.7550866525677964,-1.7586027016511188,-1.752889797578752,-1.754181143302135,0.002992898667112667,13
22,23.2498957157135,0.7776684173823288,1.19724497795105,0.0777726067404802,0.2,3,100,"{'learning_rate': 0.2, 'max_depth': 3, 'n_estimators': 100}",-1.7528822301445528,-1.7467528053388,-1.7529245653945953,-1.7563773596255108,-1.7502822559865192,-1.7518438432979955,0.003198630963970793,3
23,55.19667010307312,0.873475137351082,2.647281551361084,0.0907960340993692,0.2,3,250,"{'learning_rate': 0.2, 'max_depth': 3, 'n_estimators': 250}",-1.755375949766487,-1.749045734827686,-1.755485240095295,-1.7587163123633713,-1.75260625052955,-1.7542458975164776,0.00324122604118841,14
24,14.810423278808594,0.25113172790365457,0.8947352409362793,0.061517378057696206,0.2,4,50,"{'learning_rate': 0.2, 'max_depth': 4, 'n_estimators': 50}",-1.753957114042528,-1.7482861959561706,-1.7539600277822465,-1.7572752231454476,-1.7515037919936702,-1.7529964705840129,0.0029857588065482347,10
25,27.448507070541382,0.7861106534640575,1.7100895404815675,0.17393954103199635,0.2,4,100,"{'learning_rate': 0.2, 'max_depth': 4, 'n_estimators': 100}",-1.7541067926114424,-1.74819240409974,-1.7545456826027483,-1.7572012397923507,-1.7509085348910651,-1.7529909307994693,0.0031225417139282424,9
26,56.04224519729614,14.021255121634283,2.6051355838775634,1.0669969760316314,0.2,4,250,"{'learning_rate': 0.2, 'max_depth': 4, 'n_estimators': 250}",-1.7595283174792304,-1.7536356086313725,-1.7604067205805332,-1.7627337462887167,-1.7562290480293334,-1.758506688201837,0.0032073955299456083,16
