,mean_fit_time,std_fit_time,mean_score_time,std_score_time,param_learning_rate,param_max_depth,param_n_estimators,params,split0_test_score,split1_test_score,split2_test_score,split3_test_score,split4_test_score,mean_test_score,std_test_score,rank_test_score
0,104.78577275276184,2.9075858485463986,3.1901297092437746,0.28432170137818025,0.1,2,500,"{'learning_rate': 0.1, 'max_depth': 2, 'n_estimators': 500}",-1.7524761294038966,-1.7462187035448848,-1.7522127235805616,-1.7557536191347987,-1.7499027589758858,-1.7513127869280054,0.0031566471682360295,1
1,194.383482837677,4.279168210411823,6.87617449760437,0.20193808509625705,0.1,2,1000,"{'learning_rate': 0.1, 'max_depth': 2, 'n_estimators': 1000}",-1.754148180899769,-1.7477962085347623,-1.754155300932005,-1.757890659721382,-1.7515664169443772,-1.753111353406459,0.00333599161323386,2
2,378.3218502521515,3.7905592728670565,14.803993606567383,0.29275134740485836,0.1,2,2000,"{'learning_rate': 0.1, 'max_depth': 2, 'n_estimators': 2000}",-1.7581545439926907,-1.7518417937560007,-1.7588047173025088,-1.7624752440628595,-1.7557841657551005,-1.7574120929738322,0.003515807599747341,7
3,108.73724083900451,2.6824813799103318,5.094459152221679,0.21629360800305167,0.1,3,500,"{'learning_rate': 0.1, 'max_depth': 3, 'n_estimators': 500}",-1.754306631767191,-1.7478474866528064,-1.7547785511932337,-1.7575263814946636,-1.7517819072455167,-1.7532481916706826,0.0032583065718796438,3
4,217.30931005477905,2.446795527362797,10.852771663665772,0.5208986743517897,0.1,3,1000,"{'learning_rate': 0.1, 'max_depth': 3, 'n_estimators': 1000}",-1.759148606639076,-1.7527318433488719,-1.7599247023199684,-1.7627375290030614,-1.7566212629800662,-1.7582327888582086,0.0033719844096644237,9
5,429.06691269874574,5.775529225620516,22.71508922576904,0.46088195374265745,0.1,3,2000,"{'learning_rate': 0.1, 'max_depth': 3, 'n_estimators': 2000}",-1.769582235333696,-1.762972988988459,-1.7701169030692427,-1.7745662819241173,-1.7672911142794416,-1.7689059047189915,0.0037886896795136294,16
6,129.64513778686523,1.6404745352474095,7.244606351852417,0.23529906803423228,0.1,4,500,"{'learning_rate': 0.1, 'max_depth': 4, 'n_estimators': 500}",-1.7579464043860324,-1.7510703813113273,-1.7588566621337085,-1.7614810836421326,-1.755205400152877,-1.7569119863252154,0.0035430275335662383,5
7,255.4760793209076,4.080899605761747,15.762080574035645,0.5169286337544611,0.1,4,1000,"{'learning_rate': 0.1, 'max_depth': 4, 'n_estimators': 1000}",-1.767420204594452,-1.760234314170014,-1.7685101568581536,-1.772395051069092,-1.7645158623661845,-1.7666151178115794,0.004068623716062489,12
8,496.4414411067963,10.30546345160592,33.46644563674927,0.3024487337573255,0.1,4,2000,"{'learning_rate': 0.1, 'max_depth': 4, 'n_estimators': 2000}",-1.7885979912249372,-1.7814000756499357,-1.7897538417824543,-1.794647015491128,-1.7853359572609886,-1.7879469762818885,0.004433022377807707,21
9,96.22310585975647,3.9270229460715522,3.332556962966919,0.15708173138138912,0.2,2,500,"{'learning_rate': 0.2, 'max_depth': 2, 'n_estimators': 500}",-1.7546022913547232,-1.7481735474184155,-1.755199802243989,-1.7585324648644776,-1.7520640378460288,-1.7537144287455266,0.003453498588056286,4
10,187.31567816734315,3.495516225786864,7.061132764816284,0.3963031814268207,0.2,2,1000,"{'learning_rate': 0.2, 'max_depth': 2, 'n_estimators': 1000}",-1.758719454035163,-1.7524749560428783,-1.7599498999731615,-1.7632964798677713,-1.7563718553675338,-1.7581625290573015,0.003617106860566133,8
11,379.6201605796814,3.4266929279096145,14.384001922607421,0.6126748485242617,0.2,2,2000,"{'learning_rate': 0.2, 'max_depth': 2, 'n_estimators': 2000}",-1.7678387689488009,-1.7615371990821325,-1.7691330787011421,-1.7729784623106941,-1.7651832818451338,-1.7673341581775805,0.0038361418112312566,13
12,108.68737273216247,1.6340117303303747,5.372477340698242,0.25194898031163226,0.2,3,500,"{'learning_rate': 0.2, 'max_depth': 3, 'n_estimators': 500}",-1.7600178246208467,-1.7543924469783903,-1.7611182459990493,-1.7641823787033557,-1.7577236060794443,-1.7594869004762175,0.003287958272696247,10
13,214.4482892513275,1.7347357490091482,10.398994159698486,0.34908151745429983,0.2,3,1000,"{'learning_rate': 0.2, 'max_depth': 3, 'n_estimators': 1000}",-1.7720475280575454,-1.7652741735207849,-1.7716316342324019,-1.7758728453001007,-1.7692294722817838,-1.7708111306785235,0.0034923458397380374,17
14,422.94535913467405,7.068889562799914,22.37985782623291,0.3053934481029641,0.2,3,2000,"{'learning_rate': 0.2, 'max_depth': 3, 'n_estimators': 2000}",-1.794482491648756,-1.7888496857597493,-1.7959209007719532,-1.7996465245805682,-1.7928395741269925,-1.7943478353776037,0.0035517115743337133,23
15,124.40544786453248,5.028160528548155,7.162500476837158,0.4151194377708823,0.2,4,500,"{'learning_rate': 0.2, 'max_depth': 4, 'n_estimators': 500}",-1.7690454451132567,-1.7633936785964295,-1.7701606545757502,-1.774768221094925,-1.766212009432353,-1.768716001762543,0.003832023355708928,15
16,248.7485372066498,4.452375510102616,15.123725318908692,0.41310292023427414,0.2,4,1000,"{'learning_rate': 0.2, 'max_depth': 4, 'n_estimators': 1000}",-1.7924071425476111,-1.787249702735059,-1.7928019797851797,-1.7985426807339768,-1.7882157727990766,-1.7918434557201806,0.004009458239524595,22
17,491.97347273826597,9.778483581349644,32.442748832702634,0.5238621135638359,0.2,4,2000,"{'learning_rate': 0.2, 'max_depth': 4, 'n_estimators': 2000}",-1.8390491694176103,-1.835538879925292,-1.8390712543668226,-1.848673529254319,-1.8364486421531065,-1.8397562950234303,0.004673618111756908,26
18,96.3031879901886,4.570573056197224,3.5130828380584718,0.12176892627870967,0.3,2,500,"{'learning_rate': 0.3, 'max_depth': 2, 'n_estimators': 500}",-1.7580077606493607,-1.7515625684149563,-1.7583224743636325,-1.762295836525131,-1.7553657752479426,-1.7571108830402047,0.0035492332132172175,6
19,188.85036849975586,1.6524658388424274,7.087291574478149,0.3327864269510333,0.3,2,1000,"{'learning_rate': 0.3, 'max_depth': 2, 'n_estimators': 1000}",-1.7649516109828838,-1.758569604688976,-1.7653100028574467,-1.7699169339590706,-1.761950241178833,-1.7641396787334422,0.003774253095417127,11
20,377.7302272796631,3.713399626039508,14.681868362426759,0.5390422103406456,0.3,2,2000,"{'learning_rate': 0.3, 'max_depth': 2, 'n_estimators': 2000}",-1.7784969260355457,-1.7723498644631357,-1.7791605124799534,-1.7844819831956178,-1.7756797932457178,-1.7780338158839943,0.004022723063963127,18
21,107.83809790611267,0.9814170888606657,5.23477692604065,0.4005025803213858,0.3,3,500,"{'learning_rate': 0.3, 'max_depth': 3, 'n_estimators': 500}",-1.7681901197703556,-1.7618108923530207,-1.768248352367524,-1.7730526321752929,-1.7664180615036749,-1.7675440116339736,0.0036164864785212633,14
22,212.9159840106964,3.348062381238564,10.563807106018066,0.3182071959193543,0.3,3,1000,"{'learning_rate': 0.3, 'max_depth': 3, 'n_estimators': 1000}",-1.7867983474451117,-1.7801726681086234,-1.7868313365864568,-1.7926650548264385,-1.7856817976245656,-1.7864298409182393,0.003972069200090851,20
23,422.8966131210327,13.539747184130878,22.81243586540222,0.496071439410365,0.3,3,2000,"{'learning_rate': 0.3, 'max_depth': 3, 'n_estimators': 2000}",-1.8225847718616948,-1.8161740418343806,-1.8235027383769862,-1.8298191232652403,-1.8206805788720026,-1.8225522508420606,0.0044248531070463365,24
24,124.47830052375794,5.3641873023142965,7.431387805938721,0.5573895653447689,0.3,4,500,"{'learning_rate': 0.3, 'max_depth': 4, 'n_estimators': 500}",-1.7871721685174853,-1.7806253375766798,-1.7884868440511636,-1.7918485740165226,-1.7830112628568895,-1.7862288374037483,0.0039830115109907105,19
25,250.45092258453369,2.2074227650168043,15.767682075500488,0.4854572535765987,0.3,4,1000,"{'learning_rate': 0.3, 'max_depth': 4, 'n_estimators': 1000}",-1.8260032665228472,-1.8178189259188715,-1.8274792838099878,-1.8318363546196372,-1.8205637995042838,-1.8247403260751256,0.004995992063090535,25
26,428.7246418952942,114.25489605843703,22.537447690963745,9.87151832064099,0.3,4,2000,"{'learning_rate': 0.3, 'max_depth': 4, 'n_estimators': 2000}",-1.9069391747590854,-1.8981736401736504,-1.9041810351275372,-1.9147325270247413,-1.898616998145671,-1.9045286750461372,0.006089077920119227,27
